4 0.372044 0.184035 0.692905 0.026608
4 0.869549 0.167406 0.257761 0.028825
4 0.480137 0.156319 0.570953 0.024390
4 0.868163 0.141907 0.210643 0.031042
1 0.868163 0.321508 0.038803 0.026608
1 0.840447 0.218404 0.027716 0.019956
1 0.233463 0.251663 0.033259 0.019956
1 0.281966 0.251663 0.024945 0.024390
1 0.467664 0.088692 0.024945 0.017738
1 0.327698 0.942350 0.033259 0.031042
1 0.208518 0.856984 0.027716 0.028825
1 0.624261 0.506652 0.027716 0.028825
2 0.431633 0.514412 0.119180 0.031042
1 0.564671 0.472284 0.030488 0.026608
1 0.563285 0.410200 0.038803 0.026608
1 0.894494 0.593126 0.030488 0.028825