4 0.791944 0.192905 0.379712 0.035477
4 0.317997 0.181818 0.584812 0.031042
4 0.809959 0.175166 0.321508 0.026608
4 0.937454 0.164080 0.110865 0.022173
1 0.463507 0.411308 0.038803 0.019956
1 0.560514 0.424612 0.038803 0.024390
1 0.521711 0.378049 0.033259 0.028825
1 0.523097 0.341463 0.036031 0.031042
1 0.341556 0.576497 0.027716 0.026608
1 0.384516 0.177384 0.030488 0.026608
1 0.543884 0.552106 0.049889 0.035477
1 0.581301 0.515521 0.052661 0.042129
1 0.477365 0.491131 0.033259 0.024390
1 0.396988 0.444568 0.027716 0.028825