4 0.578529 0.202882 0.784368 0.046563
4 0.304139 0.169623 0.584812 0.028825
4 0.836290 0.164080 0.302106 0.031042
2 0.746212 0.827051 0.282705 0.124169
2 0.945769 0.597561 0.083149 0.055432
1 0.449649 0.404656 0.038803 0.024390
2 0.935467 0.150776 0.129065 0.066519
2 0.615946 0.310421 0.188470 0.084257
1 0.445491 0.372506 0.047118 0.039911
2 0.227919 0.646341 0.121951 0.117517
1 0.572986 0.582040 0.030488 0.028825
1 0.518939 0.592018 0.038803 0.031042
1 0.539726 0.586475 0.030488 0.024390
4 0.848762 0.637472 0.155211 0.095344
1 0.959627 0.370288 0.033259 0.026608
1 0.703252 0.722838 0.030488 0.026608
1 0.722653 0.753880 0.041574 0.022173