2 0.922995 0.767184 0.154010 0.110865
4 0.920224 0.127494 0.159552 0.028825
4 0.330469 0.175166 0.554324 0.035477
4 0.685236 0.161863 0.609756 0.035477
2 0.171101 0.913525 0.263304 0.164080
2 0.886964 0.950111 0.226072 0.086475
4 0.193274 0.174058 0.368625 0.028825
2 0.262565 0.748337 0.257761 0.095344
1 0.699095 0.631929 0.033259 0.022173
1 0.613174 0.580931 0.027716 0.022173
1 0.876478 0.562084 0.033259 0.028825
1 0.438562 0.067627 0.027716 0.024390
1 0.252864 0.288248 0.038803 0.026608
1 0.320769 0.296009 0.047118 0.024390
1 0.938840 0.254989 0.036031 0.022173
1 0.884793 0.209534 0.027716 0.019956
1 0.167561 0.591314 0.043111 0.025200
1 0.122598 0.583149 0.033259 0.026608
1 0.187681 0.558239 0.021117 0.016894
1 0.166564 0.549264 0.023757 0.017950