1 0.711762 0.093038 0.020570 0.029114
1 0.799578 0.015823 0.034810 0.026582
1 0.416667 0.172152 0.034810 0.020253
1 0.495781 0.582911 0.022152 0.021519
1 0.507648 0.601899 0.026899 0.024051
1 0.535338 0.693038 0.031646 0.029114
1 0.676951 0.687975 0.030063 0.026582
1 0.946730 0.726582 0.025316 0.022785
1 0.967300 0.857595 0.022152 0.026582
1 0.942774 0.858861 0.033228 0.029114
1 0.904800 0.780380 0.026899 0.029114
1 0.938027 0.768987 0.036392 0.029114
1 0.905591 0.154430 0.044304 0.017722
3 0.921413 0.250000 0.037975 0.029114
1 0.716508 0.824684 0.042722 0.026582
1 0.665084 0.801266 0.031646 0.027848
1 0.322521 0.027848 0.026899 0.022785