3 0.102584 0.600633 0.030063 0.026582
1 0.808281 0.223418 0.030063 0.018987
1 0.859705 0.218354 0.022152 0.026582
1 0.834388 0.304430 0.028481 0.024051
1 0.882648 0.303797 0.036392 0.022785
1 0.934072 0.293671 0.018987 0.022785
1 0.186445 0.237342 0.049051 0.026582
1 0.395306 0.440506 0.017405 0.017722
1 0.168249 0.356962 0.025316 0.020253
1 0.049578 0.781013 0.034810 0.015190
1 0.254483 0.846203 0.033228 0.021519
1 0.044831 0.977215 0.025316 0.015190
1 0.088344 0.943671 0.023734 0.018987
1 0.840717 0.796203 0.028481 0.025316
1 0.942774 0.659494 0.023734 0.025316
1 0.957806 0.632911 0.028481 0.022785
1 0.907964 0.625316 0.023734 0.022785
1 0.717300 0.789241 0.028481 0.024051
1 0.781382 0.850000 0.023734 0.021519
1 0.144515 0.748101 0.031646 0.020253
1 0.048787 0.793038 0.030063 0.018987
1 0.062236 0.316456 0.028481 0.020253
1 0.631857 0.503165 0.022152 0.021519
1 0.371572 0.504430 0.030063 0.026582
1 0.155591 0.874684 0.025316 0.025316
1 0.092300 0.784177 0.034810 0.029114