1 0.169831 0.054430 0.028481 0.020253
3 0.229958 0.725316 0.037975 0.035443
2 0.142932 0.242405 0.072785 0.067089
2 0.044567 0.498734 0.089134 0.987342
1 0.020306 0.163924 0.039557 0.029114
2 0.950686 0.029114 0.096519 0.045570
4 0.986023 0.093671 0.027954 0.073418
4 0.978903 0.171519 0.042194 0.049367
4 0.971783 0.222152 0.056434 0.056962
4 0.974947 0.265190 0.050106 0.049367
4 0.978112 0.302532 0.043776 0.055696
4 0.976530 0.340506 0.046940 0.050633
4 0.952795 0.376582 0.094409 0.092405
4 0.978903 0.417722 0.042194 0.048101
4 0.978112 0.458228 0.043776 0.050633
4 0.976530 0.500633 0.046940 0.046835