1 0.914293 0.079747 0.036392 0.030380
1 0.049578 0.255063 0.050633 0.034177
1 0.361287 0.281013 0.025316 0.022785
1 0.366034 0.214557 0.041139 0.024051
1 0.342300 0.198734 0.037975 0.025316
1 0.303534 0.120886 0.030063 0.021519
1 0.383439 0.118354 0.031646 0.024051
1 0.958597 0.629114 0.036392 0.040506
1 0.502110 0.014557 0.031646 0.018987
4 0.566983 0.458228 0.094937 0.037975
3 0.188819 0.725949 0.047468 0.031646
2 0.047996 0.684177 0.069620 0.613924
2 0.954378 0.675316 0.091244 0.634177
2 0.948049 0.028481 0.103902 0.039241
2 0.228375 0.198734 0.031646 0.040506
2 0.226793 0.254430 0.050633 0.035443