2 0.086762 0.763291 0.090190 0.075949
3 0.287711 0.055063 0.042722 0.029114
4 0.900844 0.067722 0.034810 0.034177
1 0.843882 0.652532 0.022152 0.016456
1 0.797996 0.641772 0.025316 0.020253
1 0.195939 0.592405 0.026899 0.022785
1 0.566192 0.559494 0.030063 0.022785
1 0.802743 0.587975 0.022152 0.016456
1 0.627110 0.627215 0.028481 0.016456
1 0.525844 0.644937 0.025316 0.021519
1 0.576477 0.681013 0.025316 0.020253
1 0.595464 0.713291 0.025316 0.018987
5 0.101793 0.648101 0.053797 0.113924
5 0.092300 0.568987 0.037975 0.074684