3 0.231540 0.732278 0.031646 0.044304
4 0.634230 0.247468 0.071203 0.241772
4 0.907964 0.817722 0.077532 0.134177
4 0.942774 0.846835 0.058544 0.088608
4 0.955960 0.958861 0.088080 0.067089
4 0.196730 0.024684 0.050633 0.036709
4 0.498945 0.279114 0.034810 0.046835
2 0.047732 0.500633 0.095464 0.988608
2 0.080960 0.032278 0.161920 0.051899
2 0.898998 0.101266 0.202004 0.189873
1 0.976793 0.268354 0.031646 0.027848
1 0.965717 0.298734 0.037975 0.022785
1 0.984441 0.337342 0.031118 0.024051
1 0.016086 0.090506 0.032172 0.021519
1 0.014504 0.062025 0.029008 0.030380
1 0.201477 0.880380 0.028481 0.024051
2 0.952795 0.546203 0.094409 0.375949
4 0.948049 0.789241 0.103902 0.084810
1 0.807489 0.884810 0.025316 0.025316
1 0.816192 0.801899 0.023734 0.031646
1 0.763977 0.778481 0.030063 0.022785
1 0.804325 0.746203 0.031646 0.024051
1 0.166667 0.254430 0.028481 0.020253