1 0.080432 0.124051 0.023734 0.025316
1 0.650844 0.033544 0.034810 0.021519
2 0.821730 0.030380 0.072785 0.048101
2 0.260812 0.016456 0.055380 0.020253
2 0.130274 0.045570 0.037975 0.058228
2 0.275844 0.072152 0.060127 0.037975
2 0.725211 0.261392 0.088608 0.069620
2 0.922732 0.079114 0.154536 0.143038
3 0.236287 0.726582 0.034810 0.037975
2 0.048787 0.498734 0.093354 0.982278
2 0.941192 0.245570 0.071203 0.240506
2 0.313027 0.224051 0.045886 0.055696
2 0.404008 0.056329 0.186709 0.094937
2 0.763977 0.055063 0.058544 0.044304