2 0.096255 0.692405 0.090190 0.070886
3 0.312236 0.054430 0.047468 0.030380
1 0.095464 0.887342 0.031646 0.025316
1 0.166667 0.869620 0.034810 0.020253
1 0.445939 0.817722 0.030063 0.022785
1 0.972046 0.895570 0.031646 0.026582
1 0.726793 0.920253 0.041139 0.020253
1 0.531382 0.897468 0.039557 0.027848
1 0.321730 0.981646 0.022152 0.024051
1 0.049578 0.844304 0.022152 0.020253
1 0.104958 0.802532 0.028481 0.017722
1 0.820939 0.862025 0.023734 0.022785
1 0.758439 0.869620 0.034810 0.025316
1 0.954641 0.860759 0.025316 0.017722
1 0.938819 0.925316 0.028481 0.025316