3 0.221255 0.726582 0.045886 0.032911
4 0.300369 0.087342 0.045886 0.040506
4 0.778217 0.350633 0.026899 0.025316
4 0.701477 0.892405 0.034810 0.035443
4 0.569357 0.863291 0.049051 0.037975
4 0.029008 0.654430 0.044304 0.025316
4 0.119198 0.581013 0.041139 0.027848
4 0.066983 0.515190 0.031646 0.045570
2 0.093882 0.034810 0.136076 0.046835
2 0.226002 0.079114 0.096519 0.059494
2 0.079641 0.548734 0.132911 0.024051
1 0.177743 0.306962 0.025316 0.021519
1 0.054325 0.236709 0.028481 0.027848
1 0.195148 0.344304 0.018987 0.022785
1 0.415084 0.451899 0.031646 0.027848
1 0.591508 0.172152 0.030063 0.022785
2 0.917458 0.039241 0.159810 0.065823
2 0.533755 0.039241 0.034810 0.030380
1 0.046413 0.769620 0.022152 0.020253
1 0.036129 0.807595 0.023734 0.017722
4 0.757648 0.572152 0.023734 0.032911