4 0.484294 0.194013 0.928492 0.033259
4 0.685236 0.155211 0.537694 0.022173
1 0.050536 0.555432 0.033259 0.028825
1 0.394216 0.535477 0.033259 0.033259
1 0.579915 0.536585 0.027716 0.022173
1 0.938840 0.543237 0.036031 0.026608
1 0.568828 0.045455 0.049889 0.028825
2 0.493995 0.373614 0.077605 0.152993
2 0.942997 0.170732 0.110865 0.133038
1 0.347099 0.639690 0.038803 0.033259
1 0.262565 0.625277 0.036031 0.031042
1 0.297210 0.875831 0.049889 0.035477
1 0.302753 0.777162 0.027716 0.028825
1 0.796101 0.849224 0.038803 0.026608
1 0.780857 0.883592 0.030488 0.024390