4 0.762241 0.144124 0.475517 0.035477
4 0.237297 0.179601 0.474593 0.026608
4 0.667221 0.185144 0.618071 0.019956
4 0.510624 0.160754 0.310421 0.024390
1 0.875092 0.256098 0.036031 0.033259
1 0.888950 0.045455 0.041574 0.033259
2 0.482908 0.018847 0.321508 0.037694
2 0.591001 0.057650 0.194013 0.110865
3 0.901423 0.682927 0.033259 0.031042
3 0.613174 0.654102 0.038803 0.026608
2 0.243163 0.597561 0.130266 0.090909
1 0.954083 0.691796 0.038803 0.031042
1 0.549427 0.743902 0.044346 0.042129
2 0.342942 0.855876 0.146896 0.057650