4 0.491223 0.185144 0.947894 0.028825
4 0.532797 0.199557 0.864745 0.022173
4 0.362343 0.170732 0.523836 0.022173
1 0.115669 0.902439 0.041574 0.035477
1 0.453806 0.873614 0.036031 0.031042
2 0.050536 0.480044 0.077605 0.126386
1 0.237620 0.648559 0.030488 0.024390
2 0.819059 0.042129 0.361881 0.070953
2 0.899436 0.334812 0.201127 0.062084
2 0.945168 0.123060 0.109664 0.113082
1 0.107354 0.274945 0.030488 0.026608
1 0.517937 0.438341 0.029721 0.029675
1 0.641216 0.122535 0.020422 0.018672
1 0.690814 0.123702 0.020422 0.016338
1 0.505553 0.151710 0.020422 0.016338
1 0.406686 0.634653 0.017934 0.015651