4 0.743407 0.712658 0.049051 0.045570
4 0.765559 0.133544 0.045886 0.044304
4 0.747363 0.180380 0.037975 0.041772
1 0.810654 0.254430 0.031646 0.035443
4 0.843882 0.097468 0.022152 0.030380
2 0.042458 0.030380 0.036392 0.048101
2 0.263977 0.041772 0.375000 0.050633
4 0.945148 0.370886 0.079114 0.065823
4 0.964662 0.454430 0.070675 0.075949
3 0.233913 0.727848 0.042722 0.040506
4 0.283755 0.820886 0.041139 0.044304
4 0.307489 0.918987 0.041139 0.027848
1 0.678534 0.851266 0.026899 0.024051
1 0.874736 0.781646 0.023734 0.021519
1 0.953059 0.684810 0.031646 0.030380
2 0.047996 0.550000 0.037975 0.879747
2 0.933017 0.498734 0.133966 0.984810