2 0.942511 0.498734 0.114978 0.979747
1 0.885812 0.254430 0.020570 0.020253
4 0.907173 0.259494 0.031646 0.050633
4 0.978112 0.572785 0.043776 0.034177
4 0.954641 0.775316 0.041139 0.039241
4 0.886603 0.726582 0.056962 0.022785
4 0.585179 0.660127 0.055380 0.029114
4 0.381857 0.853797 0.041139 0.029114
4 0.328059 0.925316 0.044304 0.050633
4 0.232331 0.932911 0.058544 0.025316
3 0.216508 0.726582 0.036392 0.027848
1 0.021888 0.026582 0.030063 0.025316
1 0.535338 0.035443 0.031646 0.020253
2 0.048787 0.551266 0.052215 0.874684