1 0.369198 0.082911 0.034810 0.026582
1 0.305116 0.118987 0.026899 0.027848
1 0.579641 0.757595 0.031646 0.024051
1 0.835970 0.845570 0.025316 0.025316
1 0.900844 0.797468 0.022152 0.022785
1 0.919040 0.844937 0.033228 0.034177
1 0.911129 0.968354 0.030063 0.025316
1 0.966508 0.956329 0.023734 0.021519
1 0.953059 0.986076 0.025316 0.020253
1 0.733122 0.794304 0.028481 0.026582
1 0.540084 0.806962 0.028481 0.026582
1 0.580432 0.794304 0.023734 0.026582
1 0.631065 0.781013 0.030063 0.020253
1 0.656382 0.846835 0.023734 0.025316
1 0.766350 0.842405 0.031646 0.024051
1 0.730749 0.853165 0.033228 0.037975
1 0.572521 0.860127 0.033228 0.024051
1 0.487869 0.875316 0.034810 0.018987
2 0.116825 0.762025 0.096519 0.068354
2 0.030327 0.780380 0.060654 0.064557
3 0.296413 0.055696 0.047468 0.027848