1 0.690401 0.277215 0.025316 0.020253
3 0.297205 0.054430 0.036392 0.030380
2 0.128692 0.757595 0.060127 0.064557
2 0.027954 0.784810 0.055907 0.068354
1 0.094673 0.910127 0.033228 0.020253
1 0.048787 0.966456 0.036392 0.021519
1 0.132648 0.841139 0.036392 0.026582
1 0.055116 0.850633 0.033228 0.022785
1 0.197521 0.831646 0.039557 0.027848
1 0.036920 0.903165 0.028481 0.024051
1 0.494989 0.942405 0.036392 0.018987
1 0.873945 0.928481 0.025316 0.026582
1 0.895306 0.905063 0.033228 0.022785
1 0.961762 0.909494 0.026899 0.021519
1 0.948312 0.977848 0.034810 0.036709