5 0.050369 0.535443 0.039557 0.929114
4 0.203059 0.179747 0.186709 0.027848
4 0.178534 0.339241 0.178797 0.027848
4 0.196730 0.275316 0.196203 0.029114
4 0.190401 0.230380 0.167722 0.027848
4 0.191983 0.212025 0.161392 0.018987
4 0.312236 0.110759 0.082278 0.122785
4 0.369198 0.910127 0.174051 0.037975
4 0.445939 0.872785 0.242089 0.041772
4 0.234705 0.868987 0.183544 0.026582
4 0.174578 0.821519 0.170886 0.060759
4 0.634230 0.789241 0.359177 0.026582
4 0.782173 0.858228 0.332278 0.032911
4 0.797205 0.903797 0.213608 0.032911