2 0.510081 0.357258 0.060484 0.214516
2 0.506048 0.562903 0.032258 0.187097
2 0.317540 0.657258 0.344758 0.030645
2 0.257056 0.879032 0.497984 0.232258
2 0.751008 0.804839 0.485887 0.383871
1 0.354839 0.862903 0.048387 0.035484
1 0.429435 0.848387 0.028226 0.032258
1 0.527218 0.780645 0.026210 0.025806
1 0.923387 0.725806 0.024194 0.025806
1 0.443548 0.924194 0.032258 0.035484
1 0.362903 0.929032 0.036290 0.025806
1 0.395161 0.825806 0.032258 0.025806
3 0.953629 0.850806 0.084677 0.056452
3 0.941532 0.904032 0.048387 0.043548