2 0.142137 0.040323 0.086694 0.070968
2 0.509073 0.054032 0.046371 0.091935
1 0.475806 0.106452 0.032258 0.022581
2 0.406250 0.179032 0.050403 0.096774
2 0.495968 0.545968 0.048387 0.227419
2 0.412298 0.706452 0.046371 0.074194
1 0.849798 0.809677 0.038306 0.032258
1 0.131048 0.892742 0.040323 0.030645
1 0.240927 0.926613 0.026210 0.030645
2 0.678427 0.195161 0.167339 0.051613
2 0.345766 0.165323 0.070565 0.059677
2 0.457661 0.967742 0.108871 0.064516
4 0.690524 0.070161 0.284274 0.066129
4 0.519153 0.316129 0.179435 0.058065
4 0.451613 0.346774 0.370968 0.035484
4 0.496976 0.394355 0.256048 0.062903